means = [95.88140094772726, 98.77430677540677, 93.85493258844429] (B,G,R)
std   = [81.19954494926812, 80.13032810045249, 78.7814739573618]  (B,G,R)
